11292		11398
18313		18447
23168		23272
26302		26401
33587		33699
59206		59356
75308		76194
77710		78808
80186		80523
80611		82667
102413		102579
103707		105176
116227		117537
123865		123973
124053		124332
127347		127612
132655		132787
136036		136146
139599		139709
140307		140416
148327		148509
149201		149384
156640		157551
172214		172333
177926		178603
179753		180439
187651		188139
189167		189673
196926		199495
199663		202344
202453		203936
224382		224577
257306		257469
264391		264501
293823		295642
299474		299591
309900		310104
312844		314141
325889		326224
326738		327060
341000		341895
351522		352139
354769		354886
355046		355211
362941		363064
384604		384709
384921		385027
391759		391899
415564		416928
423185		423333
424160		424529
433087		433204
447445		447667
459836		460410
460793		461483
467472		468004
472909		474108
475810		476183
480450		481254
483389		483488
484699		484842
485310		485474
486196		486322
487188		488630
488808		488976
490654		490754
512391		512656
527395		528287
531723		532201
538664		539536
541649		541748
547119		547358
550129		550258
550879		550987
555058		555517
558353		558486
559154		559259
559901		560749
594324		594713
595109		595251
598865		598964
599188		600064
611179		611868
621383		621480
631279		631368
638451		638557
641385		641518
656429		656618
669243		669385
670920		671030
673018		673239
673314		673438
685194		687776
687800		690471
690478		691961
698013		698130
698493		698655
699395		699599
709426		709548
709667		709804
710969		711076
711491		711618
716462		716830
717198		717883
718237		718364
718765		719929
732868		733010
736370		737151
737269		738106
739327		740175
756261		756445
767398		767648
775660		776461
776671		776770
798649		798824
798825		799109
804140		804243
807032		807173
819469		819602
832524		832857
833633		833736
835063		835201
835216		835473
841749		841921
842021		842331
842365		842562
846563		846698
853635		853752
854712		854925
859109		859208
859343		859450
862083		862193
863157		863261
867459		868148
872473		872569
908182		909346
919785		920295
927839		927940
937542		937706
939077		939242
940003		940127
951860		952384
952769		953108
953277		953615
957515		957627
958417		958517
968488		968670
969190		969314
972559		973723
995402		996294
998653		998767
1006180		1006321
1035036		1035909
1038210		1038351
1039046		1039898
1040043		1040922
1057306		1057426
1064009		1064112
1079593		1079698
1080686		1080811
1085057		1085166
1088016		1088130
1090407		1090881
1091760		1091869
1092509		1092615
1093104		1093318
1094708		1094951
1097034		1097175
1099845		1100045
1132868		1132991
1141216		1141323
1154163		1154268
1158305		1158509
1159872		1160463
1161297		1163387
1164567		1165549
1174034		1174176
1176808		1177339
1178420		1178839
1181756		1181855
1181923		1182086
1197736		1197925
1198079		1198179
1198256		1198447
1200895		1201655
1202149		1202281
1211145		1211253
1212618		1212758
1214071		1214179
1217389		1217515
1218230		1218332
1220654		1221749
1236455		1236589
1236831		1236956
1241062		1241362
1253250		1253709
1268211		1268976
1269160		1269925
1270284		1270808
1275926		1276053
1276266		1277797
1277844		1278826
1287356		1288094
1292892		1293268
1293462		1294093
1298487		1298591
1309044		1309192
1313919		1314066
1314163		1314263
1315564		1315694
1317608		1319653
1323703		1324390
1326032		1326195
1338785		1338893
1341294		1342730
1363441		1363551
1366864		1367064
1371707		1371810
1387890		1388619
1403628		1403727
1405567		1405674
1408607		1408749
1414946		1415826
1456195		1456319
1457463		1457563
1486544		1486661
1486782		1486905
1510461		1510581
1517704		1517840
1526859		1530075
1532445		1533653
1533660		1533769
1537811		1538082
1547229		1547393
1547690		1547854
1551338		1552539
1568981		1569112
1591184		1591296
1599986		1600097
1602356		1602691
1610916		1611099
1616198		1616350
1630405		1630508
1632220		1632338
1635471		1635574
1653698		1655511
1658512		1658648
1660119		1660215
1667985		1668406
1668721		1669142
1669674		1669888
1672609		1672798
1678955		1679132
1679133		1679249
1685482		1685659
1686156		1686276
1688744		1688859
1699642		1699944
1699960		1700080
1701376		1702581
1702677		1702849
1702851		1703155
1703540		1703660
1704935		1705035
1705076		1705789
1707623		1708521
1710844		1710997
1711023		1711921
1712293		1714049
1714640		1715094
1715379		1715552
1718011		1718519
1722080		1728375
1729488		1731252
1735511		1735845
1748827		1748973
1754872		1754998
1758289		1758448
1761105		1761209
1780617		1782817
1785852		1786321
1814854		1815128
1820852		1820947
1828792		1828893
1836276		1836404
1854914		1855424
1856381		1856680
1864140		1864238
1874162		1875221
1888844		1889021
1889142		1890337
1890697		1890814
1891228		1892287
1894021		1894117
1899373		1899513
1901949		1902067
1907464		1907564
1926989		1927089
1927219		1928434
1931499		1931628
1931998		1932668
1936562		1936673
1946850		1947023
1952870		1952998
1957396		1957505
1958122		1958221
1962267		1962898
1962955		1963331
1963421		1964160
1965711		1965924
1967715		1968083
1969019		1969896
1972298		1972422
1987706		1989059
1989812		1992619
1993586		1993700
1994030		1994144
1996100		1997463
2001598		2001702
2017989		2018176
2027850		2027970
2029903		2030201
2030333		2030983
2034007		2034180
2047597		2047924
2084703		2084806
2092952		2093075
2106985		2107084
2134913		2135791
2138666		2139036
2156692		2157312
2157369		2158000
2161810		2161943
2166735		2167337
2167641		2168422
2176021		2176136
2178330		2178430
2178528		2178646
2184991		2185096
2193360		2193472
2195858		2197388
2198688		2198815
2207930		2208130
2213098		2213264
2224279		2225179
2227228		2227334
2239420		2239627
2242020		2242198
2256242		2256390
2260057		2260207
2260256		2260437
2261351		2261703
2262011		2263169
2264630		2264762
2266477		2266633
2267792		2267922
2275273		2275378
2284070		2284769
2314132		2314281
2314730		2314828
2314851		2315132
2333876		2334486
2340531		2340690
2341061		2341736
2342178		2342293
2342653		2342768
2342802		2342908
2344599		2344698
2355974		2356114
2356229		2356356
2358496		2360031
2371614		2371754
2371875		2372002
2381098		2381556
2388651		2390015
2430115		2431474
2439141		2439948
2480470		2480565
2481983		2482180
2482340		2482537
2495057		2495168
2496690		2496801
2518145		2519366
2519487		2520713
2521098		2521268
2524557		2524712
2535921		2536037
2541191		2541290
2551968		2552075
2556641		2557099
2573148		2573284
2577116		2577774
2581892		2582401
2602056		2603365
2609219		2609351
2616698		2617494
2625887		2626683
2628786		2630341
2632916		2634123
2637165		2637535
2644773		2644880
2653191		2653339
2659472		2659589
2670875		2671105
2672947		2673069
2683390		2683553
2706127		2706306
2720636		2721442
2723579		2723800
2727838		2727960
2783471		2783577
2793074		2793529
2797523		2797796
2800672		2800927
2802563		2802679
2803246		2803402
2804762		2804884
2806369		2806635
2811304		2811428
2820288		2820408
2834236		2834431
2850909		2851012
2852750		2852898
2854617		2854727
2866467		2867121
2867123		2867777
2867951		2868075
2877037		2877746
2877830		2878541
2882276		2884333
2920080		2921375
2936514		2936616
2943404		2943555
2949976		2950186
2951153		2951268
2953404		2953509
2954816		2954969
2958930		2959143
2961044		2961146
2961376		2961508
2961763		2961862
2964532		2964803
2971758		2971987
2973777		2975987
2978598		2979063
2982939		2983854
3000616		3001893
3001985		3003262
3018517		3019354
3022540		3023365
3033480		3033878
3034026		3034421
3051823		3052070
3055027		3055182
3055550		3055780
3070680		3070805
3074488		3074590
3076894		3078996
3079806		3080473
3082467		3082769
3096093		3096191
3110280		3110521
3112885		3113179
3113643		3113937
3114360		3114531
3116383		3117192
3135789		3136351
3137534		3137630
3138455		3139154
3163210		3163327
3170246		3170375
3184069		3184560
3187116		3187607
3189109		3189227
3203440		3203540
3223244		3223343
3226300		3226397
3244419		3244562
3245024		3245142
3249916		3250014
3255797		3255927
3261404		3261629
3262353		3264772
3266563		3266661
3266875		3267100
3267946		3268056
3268255		3268366
3268461		3268581
3283308		3285073
3288364		3290578
3291389		3291505
3300903		3301021
3304559		3305067
3308686		3309399
3310299		3310399
3310724		3311965
3313217		3313674
3313813		3315051
3328641		3328749
3333759		3335814
3348444		3348541
3356154		3356337
3357023		3357140
3357143		3357305
3370908		3371015
3376639		3376889
3376928		3377391
3377650		3378269
3378334		3378450
3378711		3379333
3379365		3379828
3408463		3409363
3410426		3410557
3423687		3423837
3436759		3437953
3448920		3449160
3449353		3449549
3450930		3451659
3452678		3452888
3454650		3454760
3456946		3457077
3473009		3473133
3477230		3477400
3481326		3482763
3483947		3485111
3485166		3486006
3487933		3488034
3489110		3489364
3490468		3491676
3491749		3491920
3495943		3496041
3501334		3501675
3507178		3507292
3527456		3527583
3533397		3533595
3551204		3552583
3591360		3591471
3598352		3598530
3598553		3598904
3616204		3617564
3662585		3662758
3667005		3667114
3684592		3684733
3685149		3685333
3689181		3689336
3705641		3705800
3706126		3706246
3708619		3709459
3729362		3729924
3733376		3733477
3743199		3743510
3743711		3746039
3753332		3754364
3758494		3761822
3769515		3769862
3783408		3783554
3789789		3790038
3795060		3796438
3796679		3796804
3797046		3797180
3799988		3800579
3802625		3802729
3804145		3804263
3806917		3807023
3807577		3808430
3816499		3816882
3820659		3820812
3822077		3822232
3830662		3830788
3842948		3843720
3866513		3866658
3867469		3867591
3870032		3870150
3870344		3870467
3894018		3895607
3906270		3907030
3921887		3921985
3922791		3922952
3924409		3924507
3927436		3927563
3928567		3928692
3942720		3942931
3943351		3943450
3945099		3945597
3950831		3951329
3953514		3953648
3961104		3961245
3969350		3969919
3977600		3977715
3984599		3984718
3987918		3988054
3991531		3991619
4000857		4001007
4004174		4004278
4005835		4005933
4014510		4014832
4031937		4032039
4038700		4039274
4039471		4040155
4053633		4054094
4059984		4060591
4069250		4070458
4075658		4077789
4078620		4078791
4090667		4090925
4093225		4093342
4095028		4095144
4102265		4102389
4103028		4103159
4109364		4109464
4110668		4110764
4133934		4134148
4134602		4134732
4155460		4155582
4169579		4169719
4174964		4176321
4189305		4189521
4189992		4190558
4193654		4193825
4196708		4197078
4197220		4197587
4203927		4204028
4209663		4209780
4213522		4213688
4215916		4216730
4218346		4218456
4221082		4222560
4229152		4229254
4240443		4240606
4247058		4247221
4252855		4254367
4260483		4260620
4279486		4279755
4281032		4281308
4288137		4288256
4289227		4289400
4299784		4301538
4318342		4319374
4326423		4326635
4347186		4347308
4348229		4348375
4369167		4369332
4369744		4369911
4381544		4381731
4383060		4383754
4384342		4384460
4351352		4351518
4348705		4348837
4317951		4318196
4301539		4303432
4293233		4299545
4288414		4289143
4276570		4276831
4265695		4266618
4233981		4234555
4192484		4192697
4185457		4185569
4156800		4156969
4120922		4121053
4101151		4101272
4093613		4094509
4091111		4091470
4087463		4087615
4077853		4078201
4061314		4062114
4052948		4053550
4037317		4038069
4036927		4037211
4032359		4033166
4031528		4031850
4002721		4002920
3997988		3999430
3995811		3996141
3986352		3986726
3978077		3978563
3970739		3972478
3945779		3950221
3944101		3944672
3943666		3944047
3943045		3943297
3942459		3942585
3941670		3942111
3941411		3941626
3941178		3941290
3940703		3940939
3939603		3940606
3930990		3936704
3930575		3930696
3929819		3930600
3929164		3929328
3928736		3928852
3928381		3928527
3928192		3928427
3927872		3928082
3926940		3927422
3921622		3921743
3920110		3920780
3890773		3892140
3883450		3884926
3846462		3847892
3841534		3842921
3820386		3820594
3803619		3803967
3803343		3803570
3802926		3803279
3801583		3802550
3800946		3801464
3787474		3787631
3779792		3779992
3779472		3779746
3778566		3779285
3763996		3767130
3762008		3763379
3755950		3758250
3749851		3753198
3746287		3749623
3741705		3742762
3741508		3741851
3741274		3741479
3740826		3741085
3740639		3740927
3740256		3740623
3740065		3740227
3739701		3740003
3739337		3739552
3739102		3739235
3738874		3739075
3738615		3738796
3738258		3738647
3737965		3738175
3737606		3737773
3737409		3737580
3737003		3737334
3734432		3736962
3731865		3732824
3730207		3731524
3710381		3712822
3704898		3705014
3690947		3691083
3663729		3663995
3652273		3652466
3594256		3594471
3552706		3554068
3527641		3529196
3510799		3511346
3501793		3502376
3500601		3500719
3466791		3467052
3381313		3382749
3380090		3381026
3343196		3343473
3336502		3336816
3319460		3319663
3317527		3317778
3294298		3297711
3287935		3288135
3276463		3282712
3256001		3258438
3251171		3253804
3245923		3248376
3239456		3239829
3232651		3232875
3201462		3202051
3194135		3196202
3192192		3192355
3171450		3171638
3163836		3164027
3163632		3163806
3163368		3163578
3162259		3162980
3155879		3156089
3132893		3133590
3120519		3121881
3121877		3123581
3119177		3120524
3100175		3102233
3055213		3055396
3053888		3054976
3007037		3007224
2996004		2996168
2990580		2990713
2972109		2973466
2961883		2962452
2961588		2961758
2960704		2960860
2960175		2960648
2944163		2945226
2943713		2944096
2935040		2935800
2922790		2923120
2922632		2922899
2921551		2922521
2835786		2836388
2828492		2829936
2805496		2806361
2805081		2805388
2804558		2804688
2804353		2804528
2804077		2804220
2803797		2804005
2803541		2803702
2803045		2803206
2802748		2802885
2802180		2802519
2801803		2802132
2801465		2801763
2796662		2797505
2796441		2796616
2795852		2796273
2795512		2796009
2784615		2785969
2751672		2751890
2703893		2704025
2694467		2694578
2693559		2693857
2692786		2693533
2687125		2687263
2651744		2651934
2650334		2651795
2637874		2639613
2634733		2637028
2630544		2632097
2627177		2628702
2618607		2618908
2600767		2601072
2550016		2551373
2540811		2540948
2531873		2532225
2461321		2461531
2423756		2424857
2423434		2423703
2423244		2423494
2401814		2401939
2387746		2388318
2387509		2387666
2372420		2372614
2367922		2368142
2367713		2367827
2365405		2366768
2357371		2358226
2356937		2357167
2356761		2356902
2347381		2347613
2339324		2339503
2337938		2338099
2303445		2306893
2300908		2304311
2298244		2300826
2294798		2298269
2235256		2235431
2226245		2226915
2199707		2200381
2185696		2185863
2168779		2170628
2165969		2166679
2164119		2165583
2163732		2164092
2163323		2163530
2162975		2163313
2138438		2138658
2133931		2134055
2088270		2089533
2087996		2088211
2074433		2074631
2061214		2062684
2059431		2059579
2051253		2051835
2049919		2050538
2048412		2049017
2046254		2046521
2045662		2045832
2045330		2045457
2045006		2045300
2043289		2043965
2041998		2042620
2039456		2039973
2028422		2029476
2026767		2027435
2026468		2027321
2025267		2026397
2002081		2002446
2000603		2001355
1997454		1998660
1986858		1987704
1982705		1984800
1981606		1982390
1954776		1955563
1942885		1942997
1933201		1933772
1895346		1895591
1894881		1894988
1888145		1888255
1881802		1888013
1875404		1881677
1864704		1865385
1864260		1864549
1863978		1864110
1863810		1864003
1863459		1863786
1863300		1863554
1855762		1856132
1788514		1789865
1779807		1780580
1761963		1762890
1752779		1753336
1752087		1752755
1751579		1752038
1655974		1656736
1655617		1655942
1644236		1644370
1638348		1639606
1636624		1638392
1636141		1636263
1633061		1634790
1632673		1632839
1632408		1632618
1632042		1632200
1631621		1631981
1631380		1631544
1631220		1631369
1630912		1631108
1619026		1619686
1618896		1619009
1618469		1618884
1618267		1618522
1607088		1607325
1606367		1606681
1572347		1573869
1572182		1572422
1561958		1562235
1541950		1543318
1488786		1489983
1488186		1488706
1479233		1484348
1468143		1469655
1451774		1451998
1441367		1441791
1434615		1434813
1385963		1386680
1385531		1385792
1385069		1385426
1357178		1357661
1338925		1341292
1337305		1338549
1336686		1336882
1305494		1305661
1302336		1302690
1284408		1284589
1281894		1282025
1262301		1264161
1218726		1218945
1218422		1218627
1217925		1218176
1217563		1217730
1216454		1217280
1214509		1214829
1213624		1213859
1213366		1213580
1213053		1213285
1212787		1213124
1212458		1212570
1211544		1212542
1190758		1192128
1188422		1190433
1169298		1170733
1160540		1161167
1158917		1159437
1128943		1129154
1095089		1096692
1093337		1094592
1092054		1092255
1091312		1091681
1090939		1091167
1028269		1028412
1020828		1021403
989965		993185
977087		978230
969520		970268
968946		969147
968708		968888
965189		965394
964581		965086
960167		960340
955908		956210
929667		930500
929373		929601
928920		929288
928646		928992
927983		928340
927619		927743
925734		927567
924941		926424
922186		922579
921994		922141
921550		921893
917612		917742
889021		891461
849521		850058
849188		849514
848620		849146
848439		848682
846734		846950
846148		846451
838438		841665
837040		838026
836028		837018
835574		835983
832955		833597
832046		832522
830625		830821
823981		824382
818996		819373
817652		818445
812836		812999
738298		739153
701248		702733
677022		677127
674812		675942
674406		674603
674127		674338
673927		674069
673756		673904
673515		673729
672511		672769
642715		642821
623987		624353
622774		624114
606512		608061
595332		595456
580562		580814
577287		577496
569813		569978
566264		566388
560850		561701
544579		544702
543173		544127
531205		531682
481458		481569
466136		466661
455636		455817
433285		434680
432226		433044
429473		431937
428032		429235
424829		427771
400153		401705
399658		399843
374433		375739
367797		374287
366167		367628
362263		362880
361324		362061
349610		350462
340782		340925
339369		340314
336721		339142
336568		338667
332700		336379
310152		310289
308998		309548
291050		291235
272847		272955
196194		196405
190161		190441
188566		188847
180750		181035
178912		179194
177056		177451
172464		172860
171495		171891
154084		154255
149516		150903
132399		132625
132076		132365
131794		132043
131443		131665
115558		115685
105313		105836
